{
 "cells": [
  {
   "cell_type": "markdown",
   "id": "4e24b289",
   "metadata": {},
   "source": [
    "# DA 620 - CAPSTONE \n",
    "Heart Rate failure Analysis\n",
    "Anusiya Sekar"
   ]
  },
  {
   "cell_type": "markdown",
   "id": "e6c0034f",
   "metadata": {},
   "source": [
    "# Data Exploration"
   ]
  },
  {
   "cell_type": "code",
   "execution_count": 4,
   "id": "bbf9aabe",
   "metadata": {
    "scrolled": true
   },
   "outputs": [
    {
     "name": "stdout",
     "output_type": "stream",
     "text": [
      "Requirement already satisfied: plotly in /Users/anusiya/anaconda3/lib/python3.11/site-packages (5.9.0)\n",
      "Requirement already satisfied: tenacity>=6.2.0 in /Users/anusiya/anaconda3/lib/python3.11/site-packages (from plotly) (8.2.2)\n",
      "Collecting plotly_express\n",
      "  Downloading plotly_express-0.4.1-py2.py3-none-any.whl (2.9 kB)\n",
      "Requirement already satisfied: pandas>=0.20.0 in /Users/anusiya/anaconda3/lib/python3.11/site-packages (from plotly_express) (1.5.3)\n",
      "Requirement already satisfied: plotly>=4.1.0 in /Users/anusiya/anaconda3/lib/python3.11/site-packages (from plotly_express) (5.9.0)\n",
      "Requirement already satisfied: statsmodels>=0.9.0 in /Users/anusiya/anaconda3/lib/python3.11/site-packages (from plotly_express) (0.14.0)\n",
      "Requirement already satisfied: scipy>=0.18 in /Users/anusiya/anaconda3/lib/python3.11/site-packages (from plotly_express) (1.10.1)\n",
      "Requirement already satisfied: patsy>=0.5 in /Users/anusiya/anaconda3/lib/python3.11/site-packages (from plotly_express) (0.5.3)\n",
      "Requirement already satisfied: numpy>=1.11 in /Users/anusiya/anaconda3/lib/python3.11/site-packages (from plotly_express) (1.24.3)\n",
      "Requirement already satisfied: python-dateutil>=2.8.1 in /Users/anusiya/anaconda3/lib/python3.11/site-packages (from pandas>=0.20.0->plotly_express) (2.8.2)\n",
      "Requirement already satisfied: pytz>=2020.1 in /Users/anusiya/anaconda3/lib/python3.11/site-packages (from pandas>=0.20.0->plotly_express) (2022.7)\n",
      "Requirement already satisfied: six in /Users/anusiya/anaconda3/lib/python3.11/site-packages (from patsy>=0.5->plotly_express) (1.16.0)\n",
      "Requirement already satisfied: tenacity>=6.2.0 in /Users/anusiya/anaconda3/lib/python3.11/site-packages (from plotly>=4.1.0->plotly_express) (8.2.2)\n",
      "Requirement already satisfied: packaging>=21.3 in /Users/anusiya/anaconda3/lib/python3.11/site-packages (from statsmodels>=0.9.0->plotly_express) (23.0)\n",
      "Installing collected packages: plotly_express\n",
      "Successfully installed plotly_express-0.4.1\n"
     ]
    }
   ],
   "source": [
    "#Installing required libararies\n",
    "!pip install plotly\n",
    "!pip install plotly_express"
   ]
  },
  {
   "cell_type": "code",
   "execution_count": 5,
   "id": "2fd47a5d",
   "metadata": {},
   "outputs": [],
   "source": [
    "import numpy as np\n",
    "import pandas as pd\n",
    "import matplotlib.pyplot as plt\n",
    "import seaborn as sns \n",
    "import plotly_express as px\n",
    "\n",
    "from sklearn.model_selection import train_test_split\n",
    "from sklearn.preprocessing import MinMaxScaler\n",
    "\n",
    "from sklearn.linear_model import LogisticRegression\n",
    "from sklearn.tree import DecisionTreeClassifier\n",
    "from sklearn.ensemble import RandomForestClassifier\n",
    "from sklearn.svm import SVC\n",
    "\n",
    "from sklearn.metrics import confusion_matrix , classification_report , accuracy_score\n",
    "import warnings \n",
    "warnings.filterwarnings('ignore')"
   ]
  },
  {
   "cell_type": "markdown",
   "id": "1f4c0b3a",
   "metadata": {},
   "source": [
    "\n",
    "Data Exploration\n"
   ]
  },
  {
   "cell_type": "code",
   "execution_count": 7,
   "id": "e2db6c8a",
   "metadata": {},
   "outputs": [
    {
     "data": {
      "text/html": [
       "<div>\n",
       "<style scoped>\n",
       "    .dataframe tbody tr th:only-of-type {\n",
       "        vertical-align: middle;\n",
       "    }\n",
       "\n",
       "    .dataframe tbody tr th {\n",
       "        vertical-align: top;\n",
       "    }\n",
       "\n",
       "    .dataframe thead th {\n",
       "        text-align: right;\n",
       "    }\n",
       "</style>\n",
       "<table border=\"1\" class=\"dataframe\">\n",
       "  <thead>\n",
       "    <tr style=\"text-align: right;\">\n",
       "      <th></th>\n",
       "      <th>age</th>\n",
       "      <th>anaemia</th>\n",
       "      <th>creatinine_phosphokinase</th>\n",
       "      <th>diabetes</th>\n",
       "      <th>ejection_fraction</th>\n",
       "      <th>high_blood_pressure</th>\n",
       "      <th>platelets</th>\n",
       "      <th>serum_creatinine</th>\n",
       "      <th>serum_sodium</th>\n",
       "      <th>sex</th>\n",
       "      <th>smoking</th>\n",
       "      <th>time</th>\n",
       "      <th>DEATH_EVENT</th>\n",
       "    </tr>\n",
       "  </thead>\n",
       "  <tbody>\n",
       "    <tr>\n",
       "      <th>0</th>\n",
       "      <td>75.0</td>\n",
       "      <td>0</td>\n",
       "      <td>582</td>\n",
       "      <td>0</td>\n",
       "      <td>20</td>\n",
       "      <td>1</td>\n",
       "      <td>265000.00</td>\n",
       "      <td>1.9</td>\n",
       "      <td>130</td>\n",
       "      <td>1</td>\n",
       "      <td>0</td>\n",
       "      <td>4</td>\n",
       "      <td>1</td>\n",
       "    </tr>\n",
       "    <tr>\n",
       "      <th>1</th>\n",
       "      <td>55.0</td>\n",
       "      <td>0</td>\n",
       "      <td>7861</td>\n",
       "      <td>0</td>\n",
       "      <td>38</td>\n",
       "      <td>0</td>\n",
       "      <td>263358.03</td>\n",
       "      <td>1.1</td>\n",
       "      <td>136</td>\n",
       "      <td>1</td>\n",
       "      <td>0</td>\n",
       "      <td>6</td>\n",
       "      <td>1</td>\n",
       "    </tr>\n",
       "    <tr>\n",
       "      <th>2</th>\n",
       "      <td>65.0</td>\n",
       "      <td>0</td>\n",
       "      <td>146</td>\n",
       "      <td>0</td>\n",
       "      <td>20</td>\n",
       "      <td>0</td>\n",
       "      <td>162000.00</td>\n",
       "      <td>1.3</td>\n",
       "      <td>129</td>\n",
       "      <td>1</td>\n",
       "      <td>1</td>\n",
       "      <td>7</td>\n",
       "      <td>1</td>\n",
       "    </tr>\n",
       "    <tr>\n",
       "      <th>3</th>\n",
       "      <td>50.0</td>\n",
       "      <td>1</td>\n",
       "      <td>111</td>\n",
       "      <td>0</td>\n",
       "      <td>20</td>\n",
       "      <td>0</td>\n",
       "      <td>210000.00</td>\n",
       "      <td>1.9</td>\n",
       "      <td>137</td>\n",
       "      <td>1</td>\n",
       "      <td>0</td>\n",
       "      <td>7</td>\n",
       "      <td>1</td>\n",
       "    </tr>\n",
       "    <tr>\n",
       "      <th>4</th>\n",
       "      <td>65.0</td>\n",
       "      <td>1</td>\n",
       "      <td>160</td>\n",
       "      <td>1</td>\n",
       "      <td>20</td>\n",
       "      <td>0</td>\n",
       "      <td>327000.00</td>\n",
       "      <td>2.7</td>\n",
       "      <td>116</td>\n",
       "      <td>0</td>\n",
       "      <td>0</td>\n",
       "      <td>8</td>\n",
       "      <td>1</td>\n",
       "    </tr>\n",
       "  </tbody>\n",
       "</table>\n",
       "</div>"
      ],
      "text/plain": [
       "    age  anaemia  creatinine_phosphokinase  diabetes  ejection_fraction  \\\n",
       "0  75.0        0                       582         0                 20   \n",
       "1  55.0        0                      7861         0                 38   \n",
       "2  65.0        0                       146         0                 20   \n",
       "3  50.0        1                       111         0                 20   \n",
       "4  65.0        1                       160         1                 20   \n",
       "\n",
       "   high_blood_pressure  platelets  serum_creatinine  serum_sodium  sex  \\\n",
       "0                    1  265000.00               1.9           130    1   \n",
       "1                    0  263358.03               1.1           136    1   \n",
       "2                    0  162000.00               1.3           129    1   \n",
       "3                    0  210000.00               1.9           137    1   \n",
       "4                    0  327000.00               2.7           116    0   \n",
       "\n",
       "   smoking  time  DEATH_EVENT  \n",
       "0        0     4            1  \n",
       "1        0     6            1  \n",
       "2        1     7            1  \n",
       "3        0     7            1  \n",
       "4        0     8            1  "
      ]
     },
     "execution_count": 7,
     "metadata": {},
     "output_type": "execute_result"
    }
   ],
   "source": [
    "df = pd.read_csv(\"heart_failure_clinical_records_dataset.csv\")\n",
    "df.head()"
   ]
  },
  {
   "cell_type": "code",
   "execution_count": 87,
   "id": "988c00f5",
   "metadata": {},
   "outputs": [
    {
     "name": "stdout",
     "output_type": "stream",
     "text": [
      "Number of Rows: 299\n",
      "Number of Columns: 13\n"
     ]
    }
   ],
   "source": [
    "rows, columns = df.shape\n",
    "\n",
    "print(\"Number of Rows:\", rows)\n",
    "print(\"Number of Columns:\", columns)"
   ]
  },
  {
   "cell_type": "code",
   "execution_count": 8,
   "id": "8a99bdb7",
   "metadata": {},
   "outputs": [
    {
     "name": "stdout",
     "output_type": "stream",
     "text": [
      "<class 'pandas.core.frame.DataFrame'>\n",
      "RangeIndex: 299 entries, 0 to 298\n",
      "Data columns (total 13 columns):\n",
      " #   Column                    Non-Null Count  Dtype  \n",
      "---  ------                    --------------  -----  \n",
      " 0   age                       299 non-null    float64\n",
      " 1   anaemia                   299 non-null    int64  \n",
      " 2   creatinine_phosphokinase  299 non-null    int64  \n",
      " 3   diabetes                  299 non-null    int64  \n",
      " 4   ejection_fraction         299 non-null    int64  \n",
      " 5   high_blood_pressure       299 non-null    int64  \n",
      " 6   platelets                 299 non-null    float64\n",
      " 7   serum_creatinine          299 non-null    float64\n",
      " 8   serum_sodium              299 non-null    int64  \n",
      " 9   sex                       299 non-null    int64  \n",
      " 10  smoking                   299 non-null    int64  \n",
      " 11  time                      299 non-null    int64  \n",
      " 12  DEATH_EVENT               299 non-null    int64  \n",
      "dtypes: float64(3), int64(10)\n",
      "memory usage: 30.5 KB\n"
     ]
    }
   ],
   "source": [
    "df.info()"
   ]
  },
  {
   "cell_type": "code",
   "execution_count": 91,
   "id": "8db58265",
   "metadata": {},
   "outputs": [
    {
     "data": {
      "text/html": [
       "<div>\n",
       "<style scoped>\n",
       "    .dataframe tbody tr th:only-of-type {\n",
       "        vertical-align: middle;\n",
       "    }\n",
       "\n",
       "    .dataframe tbody tr th {\n",
       "        vertical-align: top;\n",
       "    }\n",
       "\n",
       "    .dataframe thead th {\n",
       "        text-align: right;\n",
       "    }\n",
       "</style>\n",
       "<table border=\"1\" class=\"dataframe\">\n",
       "  <thead>\n",
       "    <tr style=\"text-align: right;\">\n",
       "      <th></th>\n",
       "      <th>age</th>\n",
       "      <th>anaemia</th>\n",
       "      <th>creatinine_phosphokinase</th>\n",
       "      <th>diabetes</th>\n",
       "      <th>ejection_fraction</th>\n",
       "      <th>high_blood_pressure</th>\n",
       "      <th>platelets</th>\n",
       "      <th>serum_creatinine</th>\n",
       "      <th>serum_sodium</th>\n",
       "      <th>sex</th>\n",
       "      <th>smoking</th>\n",
       "      <th>time</th>\n",
       "      <th>DEATH_EVENT</th>\n",
       "    </tr>\n",
       "  </thead>\n",
       "  <tbody>\n",
       "    <tr>\n",
       "      <th>count</th>\n",
       "      <td>299.000000</td>\n",
       "      <td>299.000000</td>\n",
       "      <td>299.000000</td>\n",
       "      <td>299.000000</td>\n",
       "      <td>299.000000</td>\n",
       "      <td>299.000000</td>\n",
       "      <td>299.000000</td>\n",
       "      <td>299.00000</td>\n",
       "      <td>299.000000</td>\n",
       "      <td>299.000000</td>\n",
       "      <td>299.00000</td>\n",
       "      <td>299.000000</td>\n",
       "      <td>299.00000</td>\n",
       "    </tr>\n",
       "    <tr>\n",
       "      <th>mean</th>\n",
       "      <td>60.833893</td>\n",
       "      <td>0.431438</td>\n",
       "      <td>581.839465</td>\n",
       "      <td>0.418060</td>\n",
       "      <td>38.083612</td>\n",
       "      <td>0.351171</td>\n",
       "      <td>263358.029264</td>\n",
       "      <td>1.39388</td>\n",
       "      <td>136.625418</td>\n",
       "      <td>0.648829</td>\n",
       "      <td>0.32107</td>\n",
       "      <td>130.260870</td>\n",
       "      <td>0.32107</td>\n",
       "    </tr>\n",
       "    <tr>\n",
       "      <th>std</th>\n",
       "      <td>11.894809</td>\n",
       "      <td>0.496107</td>\n",
       "      <td>970.287881</td>\n",
       "      <td>0.494067</td>\n",
       "      <td>11.834841</td>\n",
       "      <td>0.478136</td>\n",
       "      <td>97804.236869</td>\n",
       "      <td>1.03451</td>\n",
       "      <td>4.412477</td>\n",
       "      <td>0.478136</td>\n",
       "      <td>0.46767</td>\n",
       "      <td>77.614208</td>\n",
       "      <td>0.46767</td>\n",
       "    </tr>\n",
       "    <tr>\n",
       "      <th>min</th>\n",
       "      <td>40.000000</td>\n",
       "      <td>0.000000</td>\n",
       "      <td>23.000000</td>\n",
       "      <td>0.000000</td>\n",
       "      <td>14.000000</td>\n",
       "      <td>0.000000</td>\n",
       "      <td>25100.000000</td>\n",
       "      <td>0.50000</td>\n",
       "      <td>113.000000</td>\n",
       "      <td>0.000000</td>\n",
       "      <td>0.00000</td>\n",
       "      <td>4.000000</td>\n",
       "      <td>0.00000</td>\n",
       "    </tr>\n",
       "    <tr>\n",
       "      <th>25%</th>\n",
       "      <td>51.000000</td>\n",
       "      <td>0.000000</td>\n",
       "      <td>116.500000</td>\n",
       "      <td>0.000000</td>\n",
       "      <td>30.000000</td>\n",
       "      <td>0.000000</td>\n",
       "      <td>212500.000000</td>\n",
       "      <td>0.90000</td>\n",
       "      <td>134.000000</td>\n",
       "      <td>0.000000</td>\n",
       "      <td>0.00000</td>\n",
       "      <td>73.000000</td>\n",
       "      <td>0.00000</td>\n",
       "    </tr>\n",
       "    <tr>\n",
       "      <th>50%</th>\n",
       "      <td>60.000000</td>\n",
       "      <td>0.000000</td>\n",
       "      <td>250.000000</td>\n",
       "      <td>0.000000</td>\n",
       "      <td>38.000000</td>\n",
       "      <td>0.000000</td>\n",
       "      <td>262000.000000</td>\n",
       "      <td>1.10000</td>\n",
       "      <td>137.000000</td>\n",
       "      <td>1.000000</td>\n",
       "      <td>0.00000</td>\n",
       "      <td>115.000000</td>\n",
       "      <td>0.00000</td>\n",
       "    </tr>\n",
       "    <tr>\n",
       "      <th>75%</th>\n",
       "      <td>70.000000</td>\n",
       "      <td>1.000000</td>\n",
       "      <td>582.000000</td>\n",
       "      <td>1.000000</td>\n",
       "      <td>45.000000</td>\n",
       "      <td>1.000000</td>\n",
       "      <td>303500.000000</td>\n",
       "      <td>1.40000</td>\n",
       "      <td>140.000000</td>\n",
       "      <td>1.000000</td>\n",
       "      <td>1.00000</td>\n",
       "      <td>203.000000</td>\n",
       "      <td>1.00000</td>\n",
       "    </tr>\n",
       "    <tr>\n",
       "      <th>max</th>\n",
       "      <td>95.000000</td>\n",
       "      <td>1.000000</td>\n",
       "      <td>7861.000000</td>\n",
       "      <td>1.000000</td>\n",
       "      <td>80.000000</td>\n",
       "      <td>1.000000</td>\n",
       "      <td>850000.000000</td>\n",
       "      <td>9.40000</td>\n",
       "      <td>148.000000</td>\n",
       "      <td>1.000000</td>\n",
       "      <td>1.00000</td>\n",
       "      <td>285.000000</td>\n",
       "      <td>1.00000</td>\n",
       "    </tr>\n",
       "  </tbody>\n",
       "</table>\n",
       "</div>"
      ],
      "text/plain": [
       "              age     anaemia  creatinine_phosphokinase    diabetes  \\\n",
       "count  299.000000  299.000000                299.000000  299.000000   \n",
       "mean    60.833893    0.431438                581.839465    0.418060   \n",
       "std     11.894809    0.496107                970.287881    0.494067   \n",
       "min     40.000000    0.000000                 23.000000    0.000000   \n",
       "25%     51.000000    0.000000                116.500000    0.000000   \n",
       "50%     60.000000    0.000000                250.000000    0.000000   \n",
       "75%     70.000000    1.000000                582.000000    1.000000   \n",
       "max     95.000000    1.000000               7861.000000    1.000000   \n",
       "\n",
       "       ejection_fraction  high_blood_pressure      platelets  \\\n",
       "count         299.000000           299.000000     299.000000   \n",
       "mean           38.083612             0.351171  263358.029264   \n",
       "std            11.834841             0.478136   97804.236869   \n",
       "min            14.000000             0.000000   25100.000000   \n",
       "25%            30.000000             0.000000  212500.000000   \n",
       "50%            38.000000             0.000000  262000.000000   \n",
       "75%            45.000000             1.000000  303500.000000   \n",
       "max            80.000000             1.000000  850000.000000   \n",
       "\n",
       "       serum_creatinine  serum_sodium         sex    smoking        time  \\\n",
       "count         299.00000    299.000000  299.000000  299.00000  299.000000   \n",
       "mean            1.39388    136.625418    0.648829    0.32107  130.260870   \n",
       "std             1.03451      4.412477    0.478136    0.46767   77.614208   \n",
       "min             0.50000    113.000000    0.000000    0.00000    4.000000   \n",
       "25%             0.90000    134.000000    0.000000    0.00000   73.000000   \n",
       "50%             1.10000    137.000000    1.000000    0.00000  115.000000   \n",
       "75%             1.40000    140.000000    1.000000    1.00000  203.000000   \n",
       "max             9.40000    148.000000    1.000000    1.00000  285.000000   \n",
       "\n",
       "       DEATH_EVENT  \n",
       "count    299.00000  \n",
       "mean       0.32107  \n",
       "std        0.46767  \n",
       "min        0.00000  \n",
       "25%        0.00000  \n",
       "50%        0.00000  \n",
       "75%        1.00000  \n",
       "max        1.00000  "
      ]
     },
     "execution_count": 91,
     "metadata": {},
     "output_type": "execute_result"
    }
   ],
   "source": [
    "df.describe()"
   ]
  },
  {
   "cell_type": "code",
   "execution_count": 92,
   "id": "02ca17fc",
   "metadata": {},
   "outputs": [
    {
     "name": "stdout",
     "output_type": "stream",
     "text": [
      "Columns with null values:\n",
      "Series([], dtype: int64)\n",
      "No null values in the DataFrame.\n"
     ]
    }
   ],
   "source": [
    "import pandas as pd\n",
    "\n",
    "# Assuming 'df' is your DataFrame\n",
    "# Check for null values in each column\n",
    "null_counts = df.isnull().sum()\n",
    "\n",
    "# Display columns with null values and their counts\n",
    "print(\"Columns with null values:\")\n",
    "print(null_counts[null_counts > 0])\n",
    "\n",
    "# Alternatively, check if any null values exist in the entire DataFrame\n",
    "if df.isnull().values.any():\n",
    "    print(\"There are null values in the DataFrame.\")\n",
    "else:\n",
    "    print(\"No null values in the DataFrame.\")"
   ]
  },
  {
   "cell_type": "code",
   "execution_count": 116,
   "id": "f0528815",
   "metadata": {},
   "outputs": [
    {
     "data": {
      "text/plain": [
       "(280, 13)"
      ]
     },
     "execution_count": 116,
     "metadata": {},
     "output_type": "execute_result"
    }
   ],
   "source": [
    "#This is how the data changes if we remove outliers\n",
    "rom scipy.stats import zscore\n",
    "df_no_outliers = df[(np.abs(zscore(df)) < 3).all(axis=1)]\n",
    "df_no_outliers.shape"
   ]
  },
  {
   "cell_type": "markdown",
   "id": "2c558703",
   "metadata": {},
   "source": [
    "# Data Visualization and Manipulation\n"
   ]
  },
  {
   "cell_type": "markdown",
   "id": "4efe3831",
   "metadata": {},
   "source": [
    "Correlation analysis"
   ]
  },
  {
   "cell_type": "code",
   "execution_count": 118,
   "id": "12fd29c4",
   "metadata": {},
   "outputs": [
    {
     "data": {
      "text/html": [
       "<div>\n",
       "<style scoped>\n",
       "    .dataframe tbody tr th:only-of-type {\n",
       "        vertical-align: middle;\n",
       "    }\n",
       "\n",
       "    .dataframe tbody tr th {\n",
       "        vertical-align: top;\n",
       "    }\n",
       "\n",
       "    .dataframe thead th {\n",
       "        text-align: right;\n",
       "    }\n",
       "</style>\n",
       "<table border=\"1\" class=\"dataframe\">\n",
       "  <thead>\n",
       "    <tr style=\"text-align: right;\">\n",
       "      <th></th>\n",
       "      <th>age</th>\n",
       "      <th>anaemia</th>\n",
       "      <th>creatinine_phosphokinase</th>\n",
       "      <th>diabetes</th>\n",
       "      <th>ejection_fraction</th>\n",
       "      <th>high_blood_pressure</th>\n",
       "      <th>platelets</th>\n",
       "      <th>serum_creatinine</th>\n",
       "      <th>serum_sodium</th>\n",
       "      <th>sex</th>\n",
       "      <th>smoking</th>\n",
       "      <th>time</th>\n",
       "      <th>DEATH_EVENT</th>\n",
       "    </tr>\n",
       "  </thead>\n",
       "  <tbody>\n",
       "    <tr>\n",
       "      <th>age</th>\n",
       "      <td>1.000000</td>\n",
       "      <td>0.088006</td>\n",
       "      <td>-0.081584</td>\n",
       "      <td>-0.101012</td>\n",
       "      <td>0.060098</td>\n",
       "      <td>0.093289</td>\n",
       "      <td>-0.052354</td>\n",
       "      <td>0.159187</td>\n",
       "      <td>-0.045966</td>\n",
       "      <td>0.065430</td>\n",
       "      <td>0.018668</td>\n",
       "      <td>-0.224068</td>\n",
       "      <td>0.253729</td>\n",
       "    </tr>\n",
       "    <tr>\n",
       "      <th>anaemia</th>\n",
       "      <td>0.088006</td>\n",
       "      <td>1.000000</td>\n",
       "      <td>-0.190741</td>\n",
       "      <td>-0.012729</td>\n",
       "      <td>0.031557</td>\n",
       "      <td>0.038182</td>\n",
       "      <td>-0.043786</td>\n",
       "      <td>0.052174</td>\n",
       "      <td>0.041882</td>\n",
       "      <td>-0.094769</td>\n",
       "      <td>-0.107290</td>\n",
       "      <td>-0.141414</td>\n",
       "      <td>0.066270</td>\n",
       "    </tr>\n",
       "    <tr>\n",
       "      <th>creatinine_phosphokinase</th>\n",
       "      <td>-0.081584</td>\n",
       "      <td>-0.190741</td>\n",
       "      <td>1.000000</td>\n",
       "      <td>-0.009639</td>\n",
       "      <td>-0.044080</td>\n",
       "      <td>-0.070590</td>\n",
       "      <td>0.024463</td>\n",
       "      <td>-0.016408</td>\n",
       "      <td>0.059550</td>\n",
       "      <td>0.079791</td>\n",
       "      <td>0.002421</td>\n",
       "      <td>-0.009346</td>\n",
       "      <td>0.062728</td>\n",
       "    </tr>\n",
       "    <tr>\n",
       "      <th>diabetes</th>\n",
       "      <td>-0.101012</td>\n",
       "      <td>-0.012729</td>\n",
       "      <td>-0.009639</td>\n",
       "      <td>1.000000</td>\n",
       "      <td>-0.004850</td>\n",
       "      <td>-0.012732</td>\n",
       "      <td>0.092193</td>\n",
       "      <td>-0.046975</td>\n",
       "      <td>-0.089551</td>\n",
       "      <td>-0.157730</td>\n",
       "      <td>-0.147173</td>\n",
       "      <td>0.033726</td>\n",
       "      <td>-0.001943</td>\n",
       "    </tr>\n",
       "    <tr>\n",
       "      <th>ejection_fraction</th>\n",
       "      <td>0.060098</td>\n",
       "      <td>0.031557</td>\n",
       "      <td>-0.044080</td>\n",
       "      <td>-0.004850</td>\n",
       "      <td>1.000000</td>\n",
       "      <td>0.024445</td>\n",
       "      <td>0.072177</td>\n",
       "      <td>-0.011302</td>\n",
       "      <td>0.175902</td>\n",
       "      <td>-0.148386</td>\n",
       "      <td>-0.067315</td>\n",
       "      <td>0.041729</td>\n",
       "      <td>-0.268603</td>\n",
       "    </tr>\n",
       "    <tr>\n",
       "      <th>high_blood_pressure</th>\n",
       "      <td>0.093289</td>\n",
       "      <td>0.038182</td>\n",
       "      <td>-0.070590</td>\n",
       "      <td>-0.012732</td>\n",
       "      <td>0.024445</td>\n",
       "      <td>1.000000</td>\n",
       "      <td>0.049963</td>\n",
       "      <td>-0.004935</td>\n",
       "      <td>0.037109</td>\n",
       "      <td>-0.104615</td>\n",
       "      <td>-0.055711</td>\n",
       "      <td>-0.196439</td>\n",
       "      <td>0.079351</td>\n",
       "    </tr>\n",
       "    <tr>\n",
       "      <th>platelets</th>\n",
       "      <td>-0.052354</td>\n",
       "      <td>-0.043786</td>\n",
       "      <td>0.024463</td>\n",
       "      <td>0.092193</td>\n",
       "      <td>0.072177</td>\n",
       "      <td>0.049963</td>\n",
       "      <td>1.000000</td>\n",
       "      <td>-0.041198</td>\n",
       "      <td>0.062125</td>\n",
       "      <td>-0.125120</td>\n",
       "      <td>0.028234</td>\n",
       "      <td>0.010514</td>\n",
       "      <td>-0.049139</td>\n",
       "    </tr>\n",
       "    <tr>\n",
       "      <th>serum_creatinine</th>\n",
       "      <td>0.159187</td>\n",
       "      <td>0.052174</td>\n",
       "      <td>-0.016408</td>\n",
       "      <td>-0.046975</td>\n",
       "      <td>-0.011302</td>\n",
       "      <td>-0.004935</td>\n",
       "      <td>-0.041198</td>\n",
       "      <td>1.000000</td>\n",
       "      <td>-0.189095</td>\n",
       "      <td>0.006970</td>\n",
       "      <td>-0.027414</td>\n",
       "      <td>-0.149315</td>\n",
       "      <td>0.294278</td>\n",
       "    </tr>\n",
       "    <tr>\n",
       "      <th>serum_sodium</th>\n",
       "      <td>-0.045966</td>\n",
       "      <td>0.041882</td>\n",
       "      <td>0.059550</td>\n",
       "      <td>-0.089551</td>\n",
       "      <td>0.175902</td>\n",
       "      <td>0.037109</td>\n",
       "      <td>0.062125</td>\n",
       "      <td>-0.189095</td>\n",
       "      <td>1.000000</td>\n",
       "      <td>-0.027566</td>\n",
       "      <td>0.004813</td>\n",
       "      <td>0.087640</td>\n",
       "      <td>-0.195204</td>\n",
       "    </tr>\n",
       "    <tr>\n",
       "      <th>sex</th>\n",
       "      <td>0.065430</td>\n",
       "      <td>-0.094769</td>\n",
       "      <td>0.079791</td>\n",
       "      <td>-0.157730</td>\n",
       "      <td>-0.148386</td>\n",
       "      <td>-0.104615</td>\n",
       "      <td>-0.125120</td>\n",
       "      <td>0.006970</td>\n",
       "      <td>-0.027566</td>\n",
       "      <td>1.000000</td>\n",
       "      <td>0.445892</td>\n",
       "      <td>-0.015608</td>\n",
       "      <td>-0.004316</td>\n",
       "    </tr>\n",
       "    <tr>\n",
       "      <th>smoking</th>\n",
       "      <td>0.018668</td>\n",
       "      <td>-0.107290</td>\n",
       "      <td>0.002421</td>\n",
       "      <td>-0.147173</td>\n",
       "      <td>-0.067315</td>\n",
       "      <td>-0.055711</td>\n",
       "      <td>0.028234</td>\n",
       "      <td>-0.027414</td>\n",
       "      <td>0.004813</td>\n",
       "      <td>0.445892</td>\n",
       "      <td>1.000000</td>\n",
       "      <td>-0.022839</td>\n",
       "      <td>-0.012623</td>\n",
       "    </tr>\n",
       "    <tr>\n",
       "      <th>time</th>\n",
       "      <td>-0.224068</td>\n",
       "      <td>-0.141414</td>\n",
       "      <td>-0.009346</td>\n",
       "      <td>0.033726</td>\n",
       "      <td>0.041729</td>\n",
       "      <td>-0.196439</td>\n",
       "      <td>0.010514</td>\n",
       "      <td>-0.149315</td>\n",
       "      <td>0.087640</td>\n",
       "      <td>-0.015608</td>\n",
       "      <td>-0.022839</td>\n",
       "      <td>1.000000</td>\n",
       "      <td>-0.526964</td>\n",
       "    </tr>\n",
       "    <tr>\n",
       "      <th>DEATH_EVENT</th>\n",
       "      <td>0.253729</td>\n",
       "      <td>0.066270</td>\n",
       "      <td>0.062728</td>\n",
       "      <td>-0.001943</td>\n",
       "      <td>-0.268603</td>\n",
       "      <td>0.079351</td>\n",
       "      <td>-0.049139</td>\n",
       "      <td>0.294278</td>\n",
       "      <td>-0.195204</td>\n",
       "      <td>-0.004316</td>\n",
       "      <td>-0.012623</td>\n",
       "      <td>-0.526964</td>\n",
       "      <td>1.000000</td>\n",
       "    </tr>\n",
       "  </tbody>\n",
       "</table>\n",
       "</div>"
      ],
      "text/plain": [
       "                               age   anaemia  creatinine_phosphokinase  \\\n",
       "age                       1.000000  0.088006                 -0.081584   \n",
       "anaemia                   0.088006  1.000000                 -0.190741   \n",
       "creatinine_phosphokinase -0.081584 -0.190741                  1.000000   \n",
       "diabetes                 -0.101012 -0.012729                 -0.009639   \n",
       "ejection_fraction         0.060098  0.031557                 -0.044080   \n",
       "high_blood_pressure       0.093289  0.038182                 -0.070590   \n",
       "platelets                -0.052354 -0.043786                  0.024463   \n",
       "serum_creatinine          0.159187  0.052174                 -0.016408   \n",
       "serum_sodium             -0.045966  0.041882                  0.059550   \n",
       "sex                       0.065430 -0.094769                  0.079791   \n",
       "smoking                   0.018668 -0.107290                  0.002421   \n",
       "time                     -0.224068 -0.141414                 -0.009346   \n",
       "DEATH_EVENT               0.253729  0.066270                  0.062728   \n",
       "\n",
       "                          diabetes  ejection_fraction  high_blood_pressure  \\\n",
       "age                      -0.101012           0.060098             0.093289   \n",
       "anaemia                  -0.012729           0.031557             0.038182   \n",
       "creatinine_phosphokinase -0.009639          -0.044080            -0.070590   \n",
       "diabetes                  1.000000          -0.004850            -0.012732   \n",
       "ejection_fraction        -0.004850           1.000000             0.024445   \n",
       "high_blood_pressure      -0.012732           0.024445             1.000000   \n",
       "platelets                 0.092193           0.072177             0.049963   \n",
       "serum_creatinine         -0.046975          -0.011302            -0.004935   \n",
       "serum_sodium             -0.089551           0.175902             0.037109   \n",
       "sex                      -0.157730          -0.148386            -0.104615   \n",
       "smoking                  -0.147173          -0.067315            -0.055711   \n",
       "time                      0.033726           0.041729            -0.196439   \n",
       "DEATH_EVENT              -0.001943          -0.268603             0.079351   \n",
       "\n",
       "                          platelets  serum_creatinine  serum_sodium       sex  \\\n",
       "age                       -0.052354          0.159187     -0.045966  0.065430   \n",
       "anaemia                   -0.043786          0.052174      0.041882 -0.094769   \n",
       "creatinine_phosphokinase   0.024463         -0.016408      0.059550  0.079791   \n",
       "diabetes                   0.092193         -0.046975     -0.089551 -0.157730   \n",
       "ejection_fraction          0.072177         -0.011302      0.175902 -0.148386   \n",
       "high_blood_pressure        0.049963         -0.004935      0.037109 -0.104615   \n",
       "platelets                  1.000000         -0.041198      0.062125 -0.125120   \n",
       "serum_creatinine          -0.041198          1.000000     -0.189095  0.006970   \n",
       "serum_sodium               0.062125         -0.189095      1.000000 -0.027566   \n",
       "sex                       -0.125120          0.006970     -0.027566  1.000000   \n",
       "smoking                    0.028234         -0.027414      0.004813  0.445892   \n",
       "time                       0.010514         -0.149315      0.087640 -0.015608   \n",
       "DEATH_EVENT               -0.049139          0.294278     -0.195204 -0.004316   \n",
       "\n",
       "                           smoking      time  DEATH_EVENT  \n",
       "age                       0.018668 -0.224068     0.253729  \n",
       "anaemia                  -0.107290 -0.141414     0.066270  \n",
       "creatinine_phosphokinase  0.002421 -0.009346     0.062728  \n",
       "diabetes                 -0.147173  0.033726    -0.001943  \n",
       "ejection_fraction        -0.067315  0.041729    -0.268603  \n",
       "high_blood_pressure      -0.055711 -0.196439     0.079351  \n",
       "platelets                 0.028234  0.010514    -0.049139  \n",
       "serum_creatinine         -0.027414 -0.149315     0.294278  \n",
       "serum_sodium              0.004813  0.087640    -0.195204  \n",
       "sex                       0.445892 -0.015608    -0.004316  \n",
       "smoking                   1.000000 -0.022839    -0.012623  \n",
       "time                     -0.022839  1.000000    -0.526964  \n",
       "DEATH_EVENT              -0.012623 -0.526964     1.000000  "
      ]
     },
     "execution_count": 118,
     "metadata": {},
     "output_type": "execute_result"
    }
   ],
   "source": [
    "corr_matrix = df.corr()\n",
    "corr_matrix"
   ]
  },
  {
   "cell_type": "code",
   "execution_count": 117,
   "id": "eab532da",
   "metadata": {},
   "outputs": [
    {
     "data": {
      "application/vnd.plotly.v1+json": {
       "config": {
        "plotlyServerURL": "https://plot.ly"
       },
       "data": [
        {
         "coloraxis": "coloraxis",
         "hovertemplate": "x: %{x}<br>y: %{y}<br>color: %{z}<extra></extra>",
         "name": "0",
         "type": "heatmap",
         "x": [
          "age",
          "anaemia",
          "creatinine_phosphokinase",
          "diabetes",
          "ejection_fraction",
          "high_blood_pressure",
          "platelets",
          "serum_creatinine",
          "serum_sodium",
          "sex",
          "smoking",
          "time",
          "DEATH_EVENT"
         ],
         "xaxis": "x",
         "y": [
          "age",
          "anaemia",
          "creatinine_phosphokinase",
          "diabetes",
          "ejection_fraction",
          "high_blood_pressure",
          "platelets",
          "serum_creatinine",
          "serum_sodium",
          "sex",
          "smoking",
          "time",
          "DEATH_EVENT"
         ],
         "yaxis": "y",
         "z": [
          [
           1,
           0.0880064413193916,
           -0.08158389977909229,
           -0.10101238518196966,
           0.06009836323291317,
           0.09328868460631876,
           -0.05235436663012704,
           0.15918713328355003,
           -0.045965840839560256,
           0.06542952364475427,
           0.018667867990770408,
           -0.22406841997203494,
           0.25372854308800347
          ],
          [
           0.0880064413193916,
           1,
           -0.19074103020066285,
           -0.012729045809463367,
           0.03155697075815429,
           0.03818200273242718,
           -0.04378554973240566,
           0.05217360364693803,
           0.04188161029786256,
           -0.09476896093314953,
           -0.10728983823716665,
           -0.1414139822724653,
           0.06627009846028795
          ],
          [
           -0.08158389977909229,
           -0.19074103020066285,
           1,
           -0.009638513675167997,
           -0.04407955445671152,
           -0.0705899799632517,
           0.024463388519574126,
           -0.016408479546217346,
           0.059550155833725735,
           0.07979062873290346,
           0.0024212351965237004,
           -0.00934565314298209,
           0.06272816025237475
          ],
          [
           -0.10101238518196966,
           -0.012729045809463367,
           -0.009638513675167997,
           1,
           -0.004850309667580941,
           -0.012732381675485948,
           0.09219282828243905,
           -0.0469753153792132,
           -0.0895506193058877,
           -0.15772950433810978,
           -0.1471734133234141,
           0.03372550900034768,
           -0.0019428833442033991
          ],
          [
           0.06009836323291317,
           0.03155697075815429,
           -0.04407955445671152,
           -0.004850309667580941,
           1,
           0.02444473137627511,
           0.07217746574435013,
           -0.011302474995417082,
           0.1759022820079626,
           -0.14838596532635928,
           -0.06731456733133784,
           0.04172923548352845,
           -0.26860331239406127
          ],
          [
           0.09328868460631876,
           0.03818200273242718,
           -0.0705899799632517,
           -0.012732381675485948,
           0.02444473137627511,
           1,
           0.04996348119795095,
           -0.0049345251139907296,
           0.037109469732183924,
           -0.10461462935689739,
           -0.055711368777562775,
           -0.1964394789312626,
           0.0793510576912853
          ],
          [
           -0.05235436663012704,
           -0.04378554973240566,
           0.024463388519574126,
           0.09219282828243905,
           0.07217746574435013,
           0.04996348119795095,
           1,
           -0.04119807711256375,
           0.06212461923840678,
           -0.12512048280918261,
           0.02823444771434774,
           0.010513908990174799,
           -0.04913886798037408
          ],
          [
           0.15918713328355003,
           0.05217360364693803,
           -0.016408479546217346,
           -0.0469753153792132,
           -0.011302474995417082,
           -0.0049345251139907296,
           -0.04119807711256375,
           1,
           -0.18909521009117405,
           0.006969778483151021,
           -0.027414135447069114,
           -0.14931541756792913,
           0.29427756098414914
          ],
          [
           -0.045965840839560256,
           0.04188161029786256,
           0.059550155833725735,
           -0.0895506193058877,
           0.1759022820079626,
           0.037109469732183924,
           0.06212461923840678,
           -0.18909521009117405,
           1,
           -0.02756612272823605,
           0.004813194662557512,
           0.08764000017336739,
           -0.19520359641640217
          ],
          [
           0.06542952364475427,
           -0.09476896093314953,
           0.07979062873290346,
           -0.15772950433810978,
           -0.14838596532635928,
